#豐原媽祖廟
distances = [
    [0, 5.2, 5.1, 16.1, 5.2, 17.0, 19.9, 15.5, 20.4, 16.3],
    [5.2, 0, 4.7, 15.6, 4.8, 16.6, 19.5, 15.1, 20.0, 15.9],
    [5.1, 4.7, 0, 11.8, 2.3, 12.8, 17.5, 11.3, 18.0, 12.1],
    [16.1, 15.6, 11.8, 0, 11.9, 11.8, 18.4, 10.3, 18.9, 3.4],
    [5.2, 4.8, 2.3, 11.9, 0, 11.8, 16.8, 10.3, 17.3, 11.1],
    [17.0, 16.6, 12.8, 11.8, 11.8, 0, 24.0, 2.8, 24.5, 12.1],
    [19.9, 19.5, 17.5, 18.4, 16.8, 24.0, 0, 21.7, 3.2, 8.7],
    [15.5, 15.1, 11.3, 10.3, 10.3, 2.8, 21.7, 0, 24.7, 12.3],
    [20.4, 20.0, 18.0, 18.9, 17.3, 24.5, 3.2, 24.7, 0, 11.5],
    [16.3, 15.9, 12.1, 3.4, 11.1, 12.1, 8.7, 12.3, 11.5, 0]
]

#台中公園旅遊景點
distances = [
    [0, 8.4, 5.6, 2.5, 11.2, 4.7, 6.4, 12.0, 5.1, 13.9],
    [8.4, 0, 12.4, 9.1, 5.8, 11.3, 13.8, 12.5, 11.1, 8.5],
    [5.6, 12.4, 0, 4.0, 16.2, 2.0, 1.6, 19.8, 3.1, 18.9],
    [2.5, 9.1, 4.0, 0, 12.2, 2.5, 4.6, 12.8, 2.9, 14.9],
    [11.2, 5.8, 16.2, 12.2, 0, 14.0, 39.5, 10.6, 13.7, 3.7],
    [4.7, 11.3, 2.0, 2.5, 14.0, 0, 3.1, 16.7, 1.1, 17.1],
    [6.4, 13.8, 1.6, 4.6, 39.5, 3.1, 0, 19.7, 3.9, 43.2],
    [12.0, 12.5, 19.8, 12.8, 10.6, 16.7, 19.7, 0, 9.9, 10.2],
    [5.1, 11.1, 3.1, 2.9, 13.7, 1.1, 3.9, 9.9, 0, 17.0],
    [13.9, 8.5, 18.9, 14.9, 3.7, 17.1, 43.2, 10.2, 17.0, 0]
]

#新竹巨城_tour
distances = [
    [0, 10.7, 15.6, 8.6, 6.9, 6.7, 5.1, 5.6, 3.8, 3.6],
    [15.5, 0, 1.1, 10.1, 18.9, 19.3, 5.7, 24.2, 8.0, 7.4],
    [14.5, 1.1, 0, 9.1, 19.7, 20.1, 5.4, 20.1, 7.7, 7.1],
    [7.5, 10.3, 9.2, 0, 14.4, 14.3, 9.1, 13.2, 8.8, 8.4],
    [7.0, 18.9, 19.8, 13.5, 0, 2.9, 7.8, 5.8, 5.0, 5.7],
    [5.8, 18.8, 19.6, 14.8, 2.9, 0, 6.1, 8.3, 4.1, 4.8],
    [6.1, 5.7, 5.4, 9.2, 7.8, 6.9, 0, 11.7, 2.7, 1.5],
    [7.1, 24.2, 20.2, 13.3, 6.9, 6.7, 12.0, 0, 8.8, 9.4],
    [3.5, 8.0, 7.7, 11.1, 4.8, 3.9, 2.6, 8.5, 0, 1.6],
    [3.5, 7.4, 7.1, 8.6, 7.0, 6.1, 1.8, 8.5, 1.0, 0]
]

#草屯鎮公所_tour
distances = [
    [0, 14.2, 14.3, 15.4, 13.0, 26.7, 22.9, 9.8, 12.8, 11.3],
    [14.2, 0, 5.6, 1.5, 1.5, 23.4, 19.6, 19.7, 1.4, 10.7],
    [14.3, 5.6, 0, 4.3, 4.4, 24.2, 20.4, 20.4, 4.3, 7.8],
    [15.4, 1.5, 4.3, 0, 2.6, 24.9, 21.1, 21.1, 2.8, 9.7],
    [13.0, 1.5, 4.4, 2.6, 0, 22.2, 18.5, 18.5, 0.2, 10.3],
    [26.7, 23.4, 24.2, 24.9, 22.2, 0, 7.0, 31.7, 22.9, 29.5],
    [22.9, 19.6, 20.4, 21.1, 18.5, 7.0, 0, 28.1, 10.7, 21.1],
    [9.8, 19.7, 20.4, 21.1, 18.5, 31.7, 28.1, 0, 17.6, 13.7],
    [12.8, 1.4, 4.3, 2.8, 0.2, 22.9, 10.7, 17.6, 0, 10.1],
    [11.3, 10.7, 7.8, 9.7, 10.3, 29.5, 21.1, 13.7, 10.1, 0]
]

#苗栗公館_tour
distances = [
    [0, 4.9, 39.0, 39.3, 18.4, 5.9, 23.9, 39.4, 23.1, 15.4],
    [4.9, 0, 43.1, 43.3, 22.4, 10.8, 28.0, 43.5, 27.1, 20.3],
    [39.0, 43.1, 0, 0.2, 17.2, 31.7, 13.3, 1.6, 17.7, 27.0],
    [39.3, 43.3, 0.2, 0, 17.5, 31.9, 13.5, 1.9, 17.9, 27.2],
    [18.4, 22.4, 17.2, 17.5, 0, 16.8, 10.5, 17.8, 15.6, 29.9],
    [5.9, 10.8, 31.7, 31.9, 16.8, 0, 15.1, 32.0, 15.3, 18.0],
    [23.9, 28.0, 13.3, 13.5, 10.5, 15.1, 0, 13.7, 3.1, 14.1],
    [39.4, 43.5, 1.6, 1.9, 17.8, 32.0, 13.7, 0, 18.1, 27.4],
    [23.1, 27.1, 17.7, 17.9, 15.6, 15.3, 3.1, 18.1, 0, 12.7],
    [15.4, 20.3, 27.0, 27.2, 29.9, 18.0, 14.1, 27.4, 12.7, 0]
]